303.39 
300.43 
301.23 
300.21 
305.1 
309.1 
311.17 
315.21 
310.64 
314.25 
320.3 
323.66 
321.93 
324.31 
324.98 
323.67 
315.77 
320.27 
320.32 
324.46 
315.94 
324.52 
329.12 
328.32 
329.3 
327
330.28 
330.92 
334.16 
335.84 
340.95 
341.24 
344.56 
344.45 
339.7 
340.59 
302.89 
298.04 
285.82 
290.25 
306.74 
292
302.36 
290.73 
287.01 
262.01 
280.57 
269.76 
241.5 
270.01 
235.65 
237.88 
227.93 
227.15 
211.42 
203.3 
237.07 
256.48 
263.18 
247.65 
253.25 
241.56 
228.61 
238.88 
237.03 
265.94 
259.08 
270.95 
269.4 
263.34 
270.72 
257.14 
246.76 
259.97 
251.73 
245.35 
256.91 
255.86 
258.76 
265.12 
264.6 
283.69 
274.97 
268.74 
269.26 
283.38 
272.44 
278.47 
282.44 
281.23 
272.11 
269.16 
277.31 
278.94 
289.9 
290.73 
298.8 
294.26 
294.91 
303.33 
312.99 
302.3 
300.89 
301.4 
303.59 
307.07 
306.16 
311.88 
310.41 
311.49 
313.15 
291.25 
297.79 
297.17 
304.48 
303.76 
304.85 
296.5 
304.44 
289.34 
292.93 
302.42 
305.57 
294.59 
297.55 
299.35 
304.06 
311.96 
307.6 
313.37 
309.9 
306.92 
308.86 
306.33 
309.3 
309
308.53 
312.59 
314.39 
328.09 
330.14 
328.02 
322.88 
328.54 
327.63 
326.19 
326.8 
330.23 
331
332.4 
337.32 
337.1 
343.64 
347.66 
351.02 
356
366.12 
358.19 
356.9 
360.7 
343.84 
335.01 
329.88 
339.64 
332.88 
330.15 
338.6 
339.14 
341.85 
339.43 
335.26 
327.85 
335.31 
324.53 
328.21 
331.78 
338.39 
336.23 
338.17 
343.37 
338.83 
343.25 
337.43 
343.9 
345.15 
352.39 
352.04 
345.84 
342.7 
338.57 
339.4 
331.67 
331.72 
333.42 
333.6 
329.61 
318.06 
317.11 
291.38 
293.18 
288.64 
289.97 
295.39 
307.2 
316.53 
313.64 
344.56 
334.78 
332.39 
328.29 
335.03 
335.45 
336.5 
335.94 
333.88 
323
332.04 
342.39 
341.32 
339.07 
336.51 
338.88 
340.22 
335.14 
344.35 
340.96 
340.79 
336.85 
331.52 
327.42 
331.15 
333.65 
332.1 
336.9 
340.33 
334.37 
332.24 
329.23 
336
344.47 
346.66 
355.55 
356.94 
