191.12 
189.6 
189.19 
188.69 
191.92 
193.25 
193.77 
195.33 
196.05 
199.8 
200.95 
204.7 
207.29 
207.9 
206.52 
205
201.69 
202.85 
204.86 
208.21 
198.97 
200.81 
203.56 
202.81 
203.04 
202.74 
205.99 
203.94 
207.44 
207.4 
210.29 
211.2 
213.31 
211.45 
208.81 
198.79 
188.4 
190.11 
180.01 
181.76 
192.33 
185.73 
194.29 
186.96 
184.36 
171.13 
182.6 
172.95 
160.08 
175.83 
152.01 
157.89 
148.48 
152.25 
146.83 
135.74 
154.53 
161.78 
168.88 
161.56 
165.57 
161.12 
153.11 
157.39 
151.85 
169.44 
168.59 
174.94 
173.69 
168.99 
174.62 
165.96 
162.42 
169.54 
164.22 
160.53 
166.59 
166.38 
167.32 
171.76 
171.25 
181.79 
178.72 
175.57 
176.15 
178.44 
178.78 
182.72 
185.09 
183.56 
179.47 
177.09 
180.9 
183.49 
191.38 
189.36 
193.86 
190.75 
190.86 
193.22 
192.94 
194.26 
195.24 
194.35 
196.36 
196.87 
193.64 
199.61 
199.6 
199.08 
200.48 
188.88 
192.26 
191.76 
192.88 
193.56 
193.91 
192.2 
191.41 
189.27 
194.44 
195.67 
194.2 
192.55 
193.33 
193.5 
195.09 
198.47 
196.48 
198.86 
197.43 
195.15 
196.91 
196.74 
198.58 
194.06 
190.4 
190.69 
192.29 
196.1 
198.77 
196.36 
196.79 
197.77 
198.74 
197.58 
196.64 
199.43 
199.01 
200.99 
204.15 
204.13 
206.41 
208.1 
210.26 
211.03 
215.71 
211.99 
213.35 
216.48 
208.96 
204.66 
200.12 
204.06 
201.54 
200.68 
204.98 
205.39 
205.13 
205.27 
202.61 
197.45 
200.56 
195.37 
195.52 
197.25 
200.32 
199.44 
199.97 
203.35 
201.46 
203.54 
200.45 
202.47 
202.98 
206.64 
206.4 
204.32 
202.2 
199.55 
200.26 
196.97 
197.7 
198.43 
197.99 
198.01 
193.07 
190.06 
180.87 
184.87 
181.71 
184.74 
188.34 
193.97 
197.64 
198.47 
212.68 
213.31 
212.7 
208.26 
210.48 
212.7 
210.71 
207.83 
207.57 
203.88 
208.16 
209.68 
210.89 
211
210.35 
211.2 
210.18 
208.05 
212.68 
212.65 
212.77 
209.58 
207.61 
206.24 
207.25 
208.36 
208.27 
211.18 
211.31 
209.01 
205.84 
205.3 
208.7 
212.63 
214.37 
218.36 
218.73 
